82
888
848
60
82
319
426
541
457
301
695
512
163
90
729
275
212
446
238
107
496
467
529
259
48
948
288
889
791
16
542
409
388
832
430
357
738
632
486
27
414
91
195
564
434
148
79
325
160
354
958
722
190
200
1
706
889
539
704
356
452
511
606
157
267
829
562
203
784
747
564
377
3
719
448
95
578
464
997
421
624
954
138
134
242
60
34
644
892
3
879
337
547
108
941
504
553
844
206
599
426
352
516
758
688
11
411
286
591
633
99
554
592
583
385
298
268
138
272
895
727
803
982
80
67
271
494
87
820
982
53
176
886
711
388
750
529
819
385
904
225
548
613
533
617
840
541
787
52
77
641
352
845
365
306
184
802
91
603
259
768
232
579
155
823
224
343
209
744
969
167
711
536
441
905
163
658
416
372
40
431
514
701
360
721
784
871
985
248
11
566
163
830
921
49
757
696
667
201
457
630
93
832
578
887
321
400
163
448
293
889
612
104
889
319
757
20
808
158
653
676
182
854
796
418
394
471
997
387
633
521
261
923
30
662
61
421
80
955
465
61
552
182
758
517
601
40
638
534
562
805
686
510
216
720
15
41
663
741
1
285
174
236
444
422
391
575
870
71
337
339
473
545
396
175
238
525
294
607
649
353
421
623
372
118
152
266
683
480
593
130
232
722
856
512
344
54
167
860
868
409
9
529
654
775
285
376
875
107
538
287
468
115
659
260
547
724
725
588
658
375
40
532
147
984
929
517
927
478
413
37
52
106
763
790
699
888
431
410
129
160
862
603
419
346
872
654
241
121
82
406
277
510
467
557
696
581
835
478
268
479
176
994
381
809
632
266
559
885
443
24
163
674
973
254
159
528
497
49
514
732
575
307
741
532
333
678
403
655
484
331
687
188
463
605
422
194
399
957
766
923
46
495
807
1000
25
421
45
760
8
125
358
854
775
476
741
90
815
546
340
582
132
52
986
630
204
696
93
373
276
378
263
974
18
760
808
781
206
407
475
545
724
895
923
34
575
611
31
396
915
524
651
910
278
646
672
209
199
735
880
355
722
588
327
11
922
268
302
850
489
921
375
402
141
974
597
467
76
111
873
914
215
960
326
447
922
245
64
437
488
489
224
926
27
220
201
115
731
177
301
52
435
620
667
914
46
542
643
240
695
222
575
702
751
486
89
865
561
217
720
583
317
814
517
323
302
556
278
964
218
759
233
180
876
334
741
628
535
553
929
38
648
970
713
347
10
105
357
315
590
224
443
765
340
731
620
954
361
895
986
722
214
402
329
758
185
263
284
722
351
316
541
493
343
592
899
402
708
913
696
517
453
284
756
770
741
695
99
591
418
883
415
371
183
269
477
527
197
826
769
763
244
252
122
714
710
94
871
938
87
842
491
799
586
402
59
719
393
736
816
682
849
357
618
75
100
574
52
162
461
93
525
215
119
64
136
749
351
41
653
391
667
800
761
795
511
352
667
602
723
61
835
14
163
899
818
94
841
54
219
602
7
189
572
578
243
818
408
285
151
908
223
946
836
249
631
905
563
753
776
115
208
454
702
174
202
196
451
46
228
300
139
400
616
776
944
341
861
540
594
552
313
779
282
107
180
616
186
512
649
315
94
837
956
361
837
907
484
129
202
613
780
564
144
788
533
524
724
826
191
278
802
502
848
809
408
660
415
97
153
365
589
238
801
193
139
396
198
145
79
609
728
64
455
353
12
402
439
273
89
781
742
672
642
315
528
637
339
785
45
238
999
524
395
996
363
636
80
108
429
83
496
857
879
990
73
142
916
603
565
921
290
504
805
301
61
880
888
816
386
199
364
326
454
252
381
333
963
833
459
465
439
250
789
810
417
357
588
973
209
245
634
347
244
602
274
345
406
801
807
156
664
379
192
562
141
313
279
445
537
313
384
412
736
972
800
159
5
802
584
817
782
297
557
90
817
318
575
778
204
667
662
785
924
430
112
184
905
651
763
992
248
511
338
465
674
458
404
182
639
618
465
677
367
136
406
586
106
480
342
764
205
320
948
884
837
211
204
331
648
908
673
805
499
692
426
338
473
144
630
5
815
290
119
893
259
651
81
979
818
326
214
270
136
911
953
172
273
210
977
988
389
147
119
934
19
984
967
294
275
522
74
849
147
5
355
964
761
492
860
333
98
1000
120
800
926
784
579
831
58
918
603
923
232
973
229
883
606
119
686
594
349
226
817
872
16
77
482
695
642
510
765
159
843
591
238
822
445
412
214
225
12
534
643
183
219
627
471
571
63
